((("good" .
   [2 0 0 0])
  ("typedef" .
   [1 0 0 0 0 0 0])
  ("struct" .
   [1 0 0 0 0 0])
  ("Stock" .
   [4 0 0 0 0])
  ("this" .
   [2 0 0 0])
  ("dummy" .
   [1 0 0 0 0])
  ("false" .
   [1 0 0 0 0])
  ("copy" .
   [6 0 0 0])
  ("choose_non_0_ele" .
   [0 0 0 0 1 0 0 0 0 0 0 0 0 0 0 0])
  ("bool" .
   [6 0 0 0])
  ("col" .
   [2 0 0])
  ("make_aug_mat" .
   [0 0 0 0 0 0 1 0 0 0 0 0])
  ("static" .
   [1 0 0 0 0 0])
  ("not-fill-by-point" .
   [0 0 0 0 0 1 1 0 0 0 0 0 0 0 0 0 0])
  ("do" .
   [1 0])
  ("assoc!" .
   [1 0 0 0 0 0])
  ("assoc-in" .
   [5 0 0 0 0 0 0 0])
  ("true" .
   [4 0 0 0])
  ("in" .
   [3 0])
  ("v-add" .
   [1 0 0 0 0])
  ("width" .
   [0 0 0 0 1])
  ("10" .
   [3 0])
  ("fill-by-point" .
   [1 0 0 0 1 0 0 0 0 0 0 0 0])
  ("moving-block-absxys" .
   [0 0 0 0 0 0 0 0 0 0 0 0 0 0 0 2 0 0 0])
  ("get-in" .
   [4 0 0 0 0 0])
  ("%2" .
   [4 0])
  ("and" .
   [3 0 0])
  ("reduce" .
   [3 0 0 0 1 0])
  ("valid" .
   [1 0 0 0 0])
  ("if-let" .
   [1 0 0 0 0 0])
  ("rotate-block" .
   [0 0 0 0 0 0 0 0 1 0 0 0])
  ("let" .
   [2 0 0])
  ("moving-block-xy" .
   [3 0 0 0 0 0 0 0 0 0 0 0 0 0 0])
  ("new" .
   [0 0 1])
  ("set" .
   [2 0 0])
  ("nil" .
   [5 0 0])
  ("moving-block" .
   [0 0 0 0 0 0 0 0 0 0 0 1])
  ("blocks" .
   [2 0 0 0 0 0])
  ("rand-nth" .
   [3 0 0 0 0 0 0 0])
  ("get" .
   [4 0 0])
  ("next-block" .
   [0 0 0 0 0 0 0 0 0 2])
  ("reset!" .
   [3 0 0 0 0 0])
  ("block" .
   [3 0 0 0 0])
  ("block-rotate" .
   [1 0 0 0 0 0 0 0 0 0 0 0])
  ("assoc" .
   [4 0 0 0 0])
  ("dec" .
   [2 0 0])
  ("inc" .
   [2 0 0])
  ("moving-block-loc" .
   [0 0 4 4 0 0 0 0 0 0 0 0 0 0 0 1])
  ("swap!" .
   [1 0 0 0 0])
  ("alter" .
   [1 0 0 0 0])
  ("set!" .
   [4 0 0 0])
  ("atom" .
   [7 0 0 0])
  ("2d-rerotate-90" .
   [0 0 0 0 0 1 0 0 0 0 0 0 0 0])
  ("2d-rotate-90" .
   [0 0 1 0 0 0 0 0 0 0 0 1])
  ("square" .
   [1 0 0 0 0 0])
  ("stick" .
   [1 0 0 0 0])
  ("-1" .
   [9 0])
  ("char" .
   [2 0 0 0])
  ("break" .
   [3 0 0 0 0])
  ("class" .
   [3 0 0 0 0])
  ("while" .
   [2 0 0 0 0])
  ("body" .
   [1 0 0 0])
  ("args" .
   [1 0 0 0])
  ("vec" .
   [4 0 0])
  ("defmacro" .
   [1 0 0 2 0 0 0 1])
  ("join-date" .
   [0 0 0 0 1 0 0 0 0])
  ("2.592e9" .
   [0 0 1 0 0 0 0])
  ("long" .
   [1 0 0 0])
  ("java.util.Date" .
   [0 0 0 0 0 0 1 0 0 0 0 0 0 0])
  ("username" .
   [1 0 0 0 0 0 0 0])
  ("or" .
   [1 0])
  ("fn" .
   [3 0])
  ("list" .
   [2 0 0 0])
  ("println" .
   [4 0 0 0 0 0 0])
  ("defn" .
   [20 0 0 0])
  ("cl" .
   [1 0])
  ("error" .
   [1 0 0 0 0])
  ("arguments" .
   [0 0 0 1 0 0 0 0 0])
  ("eval-sequence" .
   [0 0 0 0 0 0 0 0 1 0 0 0 0])
  ("i-eval" .
   [1 0 0 0 0 0])
  ("procedure" .
   [0 0 0 1 0 0 0 0 1])
  ("else" .
   [3 0 0 0])
  ("apply" .
   [3 0 0 0 0])
  ("lambda" .
   [2 0 0 0 0 0])
  ("env" .
   [7 0 0])
  ("expr" .
   [20 0 0 0])
  ("cond" .
   [3 0 0 0])
  ("exp" .
   [4 0 0])
  ("eval" .
   [3 0 0 0])
  ("define" .
   [3 0 0 0 0 3])
  ("define-key" .
   [0 0 0 2 0 0 0 0 0 0])
  ("delete" .
   [0 0 1 0 0 0])
  ("add-to-list" .
   [0 0 0 0 0 0 0 0 0 0 1])
  ("load" .
   [1 0 0 0])
  ("int" .
   [17 0 1])
  ("void" .
   [11 0 0 0])
  ("cons" .
   [2 0 0 0])
  ("fib-stream" .
   [0 0 0 1 0 0 0 0 0 1])
  ("add-stream" .
   [0 0 0 2 0 0 0 0 0 0])
  ("map" .
   [9 0 0])
  ("if" .
   [10 0])
  ("binding" .
   [1 0 0 0 0 0 0])
  ("*out*" .
   [3 0 0 0 0])
  ("def" .
   [36 0 1])
  ("writer" .
   [1 0 0 0 0 0])
  ("with-open" .
   [1 0 0 0 0 0 0 0 0])
  ("print-logger" .
   [1 0 0 0 0 0 0 1 0 0 0 0])
  ("require" .
   [1 0 0 0 0 0 0])
  ("doseq" .
   [1 0 0 0 0])
  ("file-logger" .
   [2 0 0 0 0 0 0 0 0 0 0])
  ("logger" .
   [1 0 0 0 0 0])
  ("java.util.Date." .
   [1 0 0 0 0 0 0 0 0 0 0 0 0 0 0])
  ("defn-" .
   [0 0 1 0 0])
  ("macroexpand" .
   [0 0 0 0 0 0 0 0 0 0 1])
  ("deftype" .
   [0 0 0 1 0 0 0])
  ("matrix" .
   [14 0 0 0 0 0])
  ("makeMat" .
   [1 0 0 0 0 0 0])
  ("rows" .
   [8 0 0 0])
  ("cols" .
   [5 0 0 0])
  ("malloc" .
   [3 0 0 0 0 0])
  ("sizeof" .
   [2 0 0 0 0 0])
  ("return" .
   [2 0 0 0 0 0])
  ("err_sys" .
   [1 0 0 0 0 0 0])
  ("double" .
   [2 0 0 0 0 0])
  ("row" .
   [1 0 0])
  ("for" .
   [2 0 0])
  ("free_aug" .
   [1 0 0 0 0 0 0 0])
  ("free" .
   [1 0 0 0])
  ("free_mat" .
   [1 0 0 0 0 0 0 0])
  ("dupA" .
   [1 0 0 0])
  ("NULL" .
   [2 0 0 0])
  ("ele" .
   [1 0 0])
  ("make" .
   [1 0 0 0])
  ("augmented" .
   [1 0 0 0 0 0 0 0 0])
  ("eliminate" .
   [1 0 0 0 0 0 0 0 0])
  ("is" .
   [1 0])
  ("not" .
   [1 0 0])
  ("rref" .
   [1 0 0 0])
  ("rrefA" .
   [1 0 0 0 0])
  ("switch" .
   [3 0 0 0 0 0])
  ("case" .
   [3 0 0 0])
  ("private" .
   [2 0 0 0 0 0 0])
  ("public" .
   [2 0 0 0 0 0])))
