((("me.raynes/laser" .
   [0 0 0 0 0 0 0 0 0 0 0 1 0 0 0])
  ("hiccup.core" .
   [1 0 0 0 0 0 0 0 0 0 0])
  (":test" .
   [1 0 0 0 0])
  ("render" .
   [1 0 0 0 0 0])
  ("ring.velocity" .
   [0 0 0 0 0 0 1 0 0 0 0 0 1])
  ("next" .
   [1 0 0 0])
  ("rest" .
   [1 0 0 0])
  ("nil?" .
   [1 0 0 0])
  ("coins" .
   [5 0 0 0 0])
  ("count-change" .
   [1 0 0 0 0 0 0 0 0 0 0 0])
  ("zero?" .
   [1 0 0 0 0])
  ("neg?" .
   [1 0 0 0])
  ("amount" .
   [3 0 0 0 0 0])
  ("b*A" .
   [2 0 0])
  ("mul-v" .
   [3 0 0 0 0])
  ("vector" .
   [1 0 0 0 0 0])
  ("sub-v" .
   [1 0 0 0 0])
  ("defprotocol" .
   [0 0 0 0 1 0 0 0 0 0 0])
  (":img" .
   [3 0 0 0])
  (":a" .
   [12 0])
  (":div.clear" .
   [4 0 0 0 0 0 1 0 0 0])
  (":dvi" .
   [5 0 0 0])
  (":y" .
   [1 0])
  (":x" .
   [1 0])
  (":require" .
   [1 0 0 1 0 0 0 0])
  ("tsask.env" .
   [1 0 0 0 0 0 0 1 0])
  (":use" .
   [2 0 0 0])
  ("tsask.csv.crud" .
   [1 0 0 0 0 0 0 0 0 0 0 0 0 0])
  ("j/with-query-results*" .
   [1 0 0 0 0 0 0 0 0 0 0 0 0 0 0 0 0 0 0 0 0])
  ("second" .
   [4 0 0 0 0 0])
  ("first" .
   [8 0 0 0 0])
  ("doall" .
   [4 0 0 0 0])
  (":enctype" .
   [0 0 0 2 0 0 0 0])
  (":size" .
   [1 0 0 0 0])
  ("sql/where" .
   [3 0 0 0 0 0 1 0 0])
  (":Item" .
   [1 0 0 0 0])
  ("SQLDB" .
   [8 0 1 0 0])
  ("dissoc" .
   [1 0 0 0 0 0])
  ("items" .
   [3 0 0 0 0])
  ("hidden" .
   [0 0 1 0 0 0])
  (":type" .
   [10 0 0 0 0])
  ("files" .
   [2 0 0 0 0])
  ("pic-path" .
   [4 0 0 0 1 1 1 0])
  (":user_id" .
   [0 0 0 0 0 1 0 0])
  ("pic-name" .
   [4 0 0 0 0 0 0 0])
  ("empty" .
   [0 0 0 0 1])
  ("clojure.pprint/pprint" .
   [0 0 0 0 0 0 0 0 0 0 0 0 0 0 0 1 0 0 0 0 1])
  ("ring.adapter.jetty" .
   [0 0 0 0 0 0 0 0 1 0 0 0 0 0 0 0 0 0])
  ("ring.util.response" .
   [0 0 0 0 0 0 0 1 0 0 0 0 0 0 0 0 0 0])
  ("ring.middleware.params" .
   [0 0 0 0 0 0 2 0 0 0 0 0 0 0 0 0 0 0 0 0 0 0])
  ("use" .
   [1 0 0])
  ("web-hello-world" .
   [0 0 0 0 0 0 0 0 0 0 0 0 0 0 1])
  ("ns" .
   [6 0])
  (".getMessage" .
   [0 0 1 0 0 0 0 0 0 0 0])
  ("catch" .
   [1 0 0 0 0])
  ("try" .
   [2 0 0])
  ("load-file" .
   [1 0 0 0 0 0 0 0 0])
  (":root" .
   [2 0 0 0 0])
  ("file-response" .
   [0 0 0 0 0 0 0 1 0 0 0 0 0])
  ("params" .
   [6 0 0 0 0 0])
  ("man" .
   [1 0 0])
  ("password" .
   [1 0 0 0 0 2 0 0])
  ("->" .
   [5 0])
  ("login" .
   [4 0 0 0 0])
  (":params" .
   [2 0 0 1 0 0 1])
  ("uri" .
   [2 0 0])
  (":url" .
   [1 0 0 0])
  ("name" .
   [14 0 0 0])
  ("foo" .
   [5 0 0])
  ("index" .
   [7 0 0 0 0])
  ("setq" .
   [2 0 0 0])
  ("public" .
   [3 0 0 0 0 0])
  ("private" .
   [2 0 0 0 0 0 0])
  ("case" .
   [3 0 0 0])
  ("switch" .
   [3 0 0 0 0 0])
  ("rrefA" .
   [1 0 0 0 0])
  ("rref" .
   [1 0 0 0])
  ("not" .
   [1 0 0])
  ("is" .
   [1 0])
  ("eliminate" .
   [1 0 0 0 0 0 0 0 0])
  ("augmented" .
   [1 0 0 0 0 0 0 0 0])
  ("make" .
   [1 0 0 0])
  ("ele" .
   [1 0 0])
  ("NULL" .
   [2 0 0 0])
  ("dupA" .
   [1 0 0 0])
  ("free_mat" .
   [1 0 0 0 0 0 0 0])
  ("free" .
   [1 0 0 0])
  ("free_aug" .
   [1 0 0 0 0 0 0 0])
  ("for" .
   [11 0 0])
  ("row" .
   [1 0 0])
  ("double" .
   [2 0 0 0 0 0])
  ("err_sys" .
   [1 0 0 0 0 0 0])
  ("return" .
   [3 0 0 0 0 0])
  ("sizeof" .
   [2 0 0 0 0 0])
  ("malloc" .
   [3 0 0 0 0 0])
  ("cols" .
   [5 0 0 0])
  ("rows" .
   [8 0 0 0])
  ("makeMat" .
   [1 0 0 0 0 0 0])
  ("matrix" .
   [14 0 0 0 0 0])
  ("deftype" .
   [0 0 0 1 0 0 0])
  ("macroexpand" .
   [0 0 0 0 0 0 0 0 0 0 1])
  ("defn-" .
   [5 0 1 0 0])
  ("java.util.Date." .
   [1 0 0 0 0 0 0 0 0 0 0 0 0 0 0])
  ("logger" .
   [1 0 0 0 0 0])
  ("file-logger" .
   [2 0 0 0 0 0 0 0 0 0 0])
  ("doseq" .
   [5 0 0 0 0])
  ("require" .
   [4 0 0 0 0 0 0])
  ("print-logger" .
   [1 0 0 0 0 0 0 1 0 0 0 0])
  ("with-open" .
   [1 0 0 0 0 0 0 0 0])
  ("writer" .
   [1 0 0 0 0 0])
  ("def" .
   [55 0 2])
  ("*out*" .
   [3 0 0 0 0])
  ("binding" .
   [2 0 0 1 0 0 0])
  ("if" .
   [29 0])
  ("map" .
   [21 0 0])
  ("add-stream" .
   [0 0 0 2 0 0 0 0 0 0])
  ("fib-stream" .
   [0 0 0 1 0 0 0 0 0 1])
  ("cons" .
   [2 0 0 0])
  ("void" .
   [11 0 0 0])
  ("int" .
   [18 0 1])
  ("load" .
   [1 0 0 0])
  ("add-to-list" .
   [0 0 0 0 0 0 0 0 0 0 1])
  ("delete" .
   [0 0 1 0 0 0])
  ("define-key" .
   [0 0 0 2 0 0 0 0 0 0])
  ("define" .
   [3 0 0 0 0 3])
  ("eval" .
   [3 0 0 0])
  ("exp" .
   [4 0 0])
  ("cond" .
   [4 0 0 2])
  ("expr" .
   [20 0 0 0])
  ("env" .
   [7 0 0])
  ("lambda" .
   [2 0 0 0 0 0])
  ("apply" .
   [7 0 0 0 0])
  ("else" .
   [3 0 0 0])
  ("procedure" .
   [0 0 0 1 0 0 0 0 1])
  ("i-eval" .
   [1 0 0 0 0 0])
  ("eval-sequence" .
   [0 0 0 0 0 0 0 0 1 0 0 0 0])
  ("arguments" .
   [0 0 0 1 0 0 0 0 0])
  ("error" .
   [1 0 0 0 0])
  ("cl" .
   [1 0])
  ("defn" .
   [67 0 0 0])
  ("println" .
   [23 0 0 0 0 0 1])
  ("list" .
   [4 0 0 0])
  ("fn" .
   [12 0])
  ("or" .
   [5 0])
  ("username" .
   [4 0 0 0 0 0 0 0])
  ("java.util.Date" .
   [0 0 0 0 0 0 1 0 0 0 0 0 0 0])
  ("long" .
   [1 0 0 0])
  ("2.592e9" .
   [0 0 1 0 0 0 0])
  ("join-date" .
   [0 0 0 0 1 0 0 0 0])
  ("defmacro" .
   [4 0 0 2 0 0 0 1])
  ("vec" .
   [4 0 0])
  ("args" .
   [1 0 0 0])
  ("body" .
   [1 0 0 0])
  ("while" .
   [2 0 0 0 0])
  ("class" .
   [6 0 0 0 4])
  ("break" .
   [3 0 0 0 0])
  ("char" .
   [2 0 0 0])
  ("-1" .
   [9 0])
  ("stick" .
   [1 0 0 0 0])
  ("square" .
   [1 0 0 0 0 0])
  ("2d-rotate-90" .
   [0 0 1 0 0 0 0 0 0 0 0 1])
  ("2d-rerotate-90" .
   [0 0 0 0 0 1 0 0 0 0 0 0 0 0])
  ("atom" .
   [7 0 0 0])
  ("set!" .
   [4 0 0 0])
  ("alter" .
   [1 0 0 0 0])
  ("swap!" .
   [1 0 0 0 0])
  ("moving-block-loc" .
   [0 0 4 4 0 0 0 0 0 0 0 0 0 0 0 1])
  ("inc" .
   [3 0 0])
  ("dec" .
   [2 0 0])
  ("assoc" .
   [5 0 0 0 0])
  ("block-rotate" .
   [1 0 0 0 0 0 0 0 0 0 0 0])
  ("block" .
   [3 0 0 0 0])
  ("reset!" .
   [3 0 0 0 0 0])
  ("next-block" .
   [0 0 0 0 0 0 0 0 0 2])
  ("get" .
   [12 0 0])
  ("rand-nth" .
   [3 0 0 0 0 0 0 0])
  ("blocks" .
   [2 0 0 0 0 0])
  ("moving-block" .
   [0 0 0 0 0 0 0 0 0 0 0 1])
  ("nil" .
   [14 0 0])
  ("set" .
   [2 0 0])
  ("new" .
   [1 0 1])
  ("moving-block-xy" .
   [3 0 0 0 0 0 0 0 0 0 0 0 0 0 0])
  ("let" .
   [28 0 0])
  ("rotate-block" .
   [0 0 0 0 0 0 0 0 1 0 0 0])
  ("if-let" .
   [2 0 0 0 0 0])
  ("valid" .
   [1 0 0 0 0])
  ("reduce" .
   [4 0 0 0 1 0])
  ("and" .
   [6 0 0])
  ("%2" .
   [4 0])
  ("get-in" .
   [4 0 0 0 0 0])
  ("moving-block-absxys" .
   [0 0 0 0 0 0 0 0 0 0 0 0 0 0 0 2 0 0 0])
  ("fill-by-point" .
   [1 0 0 0 1 0 0 0 0 0 0 0 0])
  ("10" .
   [3 0])
  ("width" .
   [0 0 0 0 1])
  ("v-add" .
   [1 0 0 0 0])
  ("in" .
   [3 0])
  ("true" .
   [9 0 0 0])
  ("assoc-in" .
   [6 0 0 0 0 0 0 0])
  ("assoc!" .
   [1 0 0 0 0 0])
  ("do" .
   [3 0])
  ("not-fill-by-point" .
   [0 0 0 0 0 1 1 0 0 0 0 0 0 0 0 0 0])
  ("static" .
   [1 0 0 0 0 0])
  ("make_aug_mat" .
   [0 0 0 0 0 0 1 0 0 0 0 0])
  ("col" .
   [2 0 0])
  ("bool" .
   [6 0 0 0])
  ("choose_non_0_ele" .
   [0 0 0 0 1 0 0 0 0 0 0 0 0 0 0 0])
  ("copy" .
   [6 0 0 0])
  ("false" .
   [1 0 0 0 0])
  ("dummy" .
   [1 0 0 0 0])
  ("this" .
   [2 0 0 0])
  ("Stock" .
   [4 0 0 0 0])
  ("struct" .
   [1 0 0 0 0 0])
  ("typedef" .
   [1 0 0 0 0 0 0])
  ("good" .
   [2 0 0 0])
  ("str" .
   [32 0 0])
  ("defonce" .
   [0 0 0 0 0 1 0])
  ("200" .
   [4 0 0])
  (":body" .
   [5 0 0 0 0])
  ("server" .
   [1 0 0 0 0 0])
  (".stop" .
   [2 0 0 0 0])
  (".start" .
   [1 0 0 0 0 0])
  ("clojure" .
   [0 0 0 0 0 0 1])
  ("app" .
   [3 0 0])
  ("handler" .
   [6 0 0 0 0 0 0])
  ("loop" .
   [1 0 0 0])
  ("line" .
   [3 0 0 0])
  ("conj" .
   [1 0 0 0])
  (":as" .
   [5 0 0])
  ("ds" .
   [1 0])
  ("file" .
   [2 0 0 0])
  ("pr" .
   [3 0])
  (":i" .
   [2 0])
  ("ds/copy" .
   [1 0 0 0 0 0 0])
  (":picture" .
   [1 0 0 0 1 0 0 0])
  ("PRO_PIC_FOLDER" .
   [0 0 3 1 0 0 0 0 0 0 0 0 0 0])
  ("r0_rich.env" .
   [0 0 0 0 0 0 0 0 0 1 0])
  ("include-js" .
   [4 0 0 0 0 0 0 0 0 1])
  ("io/delete-file" .
   [0 0 0 0 0 2 1 1 0 0 0 0 0 0])
  ("io/copy" .
   [2 0 0 0 0 0 0])
  ("io/file" .
   [2 0 0 0 0 0 0])
  ("id" .
   [17 0])
  (":id" .
   [14 0 0])
  ("item" .
   [3 0 1 0])
  ("if-not" .
   [4 0 0 0 0 0])
  ("GET" .
   [6 0 0])
  ("session" .
   [5 0 0 0 0 0 0])
  ("csv_new" .
   [1 0 0 0 0 0 0])
  ("hiccup" .
   [1 0 0 0 0 2])
  (":lable" .
   [1 0 0 0 0 0])
  ("lable" .
   [1 0 0 0 0])
  (":div" .
   [3 0 0 0])
  (":name" .
   [6 0 0 0 0])
  ("input" .
   [1 0 0 0 0])
  (":app_name" .
   [1 0 0 0 0 0 0 0 0])
  ("comment" .
   [3 0 0 0 0 0 0])
  ("io/make-parents" .
   [0 0 0 0 0 0 0 0 0 0 0 2 0 0 0])
  ("plucode" .
   [1 0 0 0 0 0 0])
  ("count" .
   [2 0 0 0 0])
  ("rs" .
   [3 0])
  ("user" .
   [4 0 0 0])
  ("print" .
   [1 0 0 0 0])
  ("json/wrap-json-response" .
   [0 0 0 0 0 0 1 1 0 0 0 0 0 0 0 0 0 0 0 0 0 0 0])
  ("check" .
   [1 0 0 0 1])
  (":form" .
   [7 0 0 0 1])
  (":action" .
   [3 0 0 1 0 0 0])
  (":input" .
   [6 0 0 0 0 0])
  ("type" .
   [1 0 0 0])
  (":br" .
   [2 0 0])
  (":login" .
   [2 0 0 0 0 0])
  ("POST" .
   [2 0 0 0])
  (":status" .
   [3 0 0 0 0 0 0])
  (":headers" .
   [2 0 0 1 0 0 0 0])
  ("error-handler" .
   [1 0 0 0 0 0 0 0 0 0 0 0 0])
  ("302" .
   [2 0 0])
  ("wrap" .
   [0 0 0 1])
  ("wrap-session-verify" .
   [0 0 0 0 0 0 1 1 0 0 0 0 0 0 0 0 0 0 0])
  ("error-pages" .
   [1 0 0 0 0 0 0 0 0 0 0])
  ("pages" .
   [10 0 1 0 0])
  ("page" .
   [3 0 0 0])
  ("csvexporter.wrap" .
   [1 0 0 0 0 0 0 0 0 0 0 0 0 0 0 0])
  ("wrap-error-handler" .
   [0 0 0 0 0 0 0 0 0 0 0 0 0 0 0 0 0 1])
  ("tsask" .
   [1 0 0 0 1])
  ("seesaw" .
   [0 0 0 0 0 1])
  ("event" .
   [2 0 0 0 0])
  ("form" .
   [14 0 0 0])
  ("forms" .
   [6 0 0 0 0])
  ("clojure.java.jdbc.sql" .
   [1 0 0 0 0 0 0 0 0 0 0 0 0 0 0 0 0 0 0 0 0])
  ("sql" .
   [1 0 0])
  ("sql/select" .
   [0 0 0 0 0 1 2 0 0 0])
  ("home-pg" .
   [0 0 0 0 1 0 0])
  ("tsask.pages.template-pg" .
   [0 0 0 0 0 0 0 0 2 0 0 0 0 0 0 0 0 0 0 0 0 0 0])
  ("j/query" .
   [1 0 0 1 1 0 0])
  (":dl.txtcont" .
   [0 0 0 1 2 0 0 0 0 0 0])
  (":dt" .
   [3 0 0])
  (":div.ltit" .
   [0 0 0 0 0 0 2 0 1])
  (":strong" .
   [1 0 0 0 0 1 1])
  (":method" .
   [2 0 0 1 0 0 0])
  (":dd" .
   [4 0 0])
  (":div.fc_con" .
   [0 0 0 0 0 0 0 1 0 0 1])
  (":table" .
   [1 0 0 0 0 0])
  (":tr" .
   [3 0 0])
  ("sf_admin_list_batch_actions" .
   [0 0 1 0 0 0 0 0 0 0 0 0 0 0 0 0 0 0 0 0 0 0 0 0 0 0 0])
  (":th.sf_admin_text.sf_admin_list_th_id" .
   [0 0 0 0 0 0 0 0 0 0 0 0 0 0 0 0 0 0 1 2 0 0 0 0 0 0 0 0 0 0 0 0 0 0 0 0 0])
  ("sf_admin_list_batch_" .
   [0 0 0 0 0 0 0 0 1 0 0 0 0 0 0 0 0 0 0 0])
  (":href" .
   [7 0 0 0 0])
  ("sort" .
   [8 0 0 2])
  (":src" .
   [2 0 0 0])
  (":td" .
   [1 0 0])
  (":value" .
   [3 0 0 0 0 0])
  (":td.sf_admin_text.sf_admin_list_td_form_name" .
   [0 0 0 0 0 1 1 0 0 0 0 0 0 0 0 0 0 0 0 0 0 0 0 0 0 0 0 0 0 0 0 0 0 0 0 0 0 0 1 0 0 0 0 0])
  (":form_name" .
   [4 0 0 0 0 0 0 0 0 1])
  (":updated_at" .
   [0 0 0 1 0 0 0 0 0 0 0])
  (":created_at" .
   [1 0 0 0 0 0 0 0 1 0 0])
  ("sort-type" .
   [2 0 0 0 0 0 1 0 1])
  ("js" .
   [7 0])
  ("include" .
   [1 0 0 0 0 0 0])
  ("js-file-list" .
   [0 0 0 0 0 1 0 0 0 0 0 0])
  (":sort" .
   [3 0 0 0 1])
  ("keyword" .
   [2 0 0 0 0 0 0])
  ("polls" .
   [1 0 0 0 0])
  ("models" .
   [1 0 0 0 0 0])
  ("url" .
   [2 0 0])
  ("detail" .
   [2 0 0 0 0 0])
  ("choice_id" .
   [2 0 0 0 0 0 0 0 0])
  ("HttpResponse" .
   [0 0 0 0 1 0 0 0 0 0 0 0])
  (":subject" .
   [1 0 0 0 0 0 0 0])
  (":content" .
   [2 0 0 0 0 0 0 0])
  (":sa_forms" .
   [0 0 0 3 0 0 0 0 0])
  (":title" .
   [2 0 0 0 0 0])
  (":onclick" .
   [0 0 0 2 1 0 0 0])
  (":table.fcc_tab" .
   [0 0 0 0 0 0 0 0 0 1 0 0 0 0])
  (":width" .
   [1 0 0 1 0 0])
  (":border" .
   [1 0 0 0 0 0 0])
  (":cellspacing" .
   [0 0 0 0 0 0 0 0 1 0 0 0])
  (":th" .
   [2 0 0])
  ("Form" .
   [1 0 0 0])
  (":li" .
   [1 0 0])
  ("clojure.string/capitalize" .
   [0 0 0 0 0 0 0 0 0 0 0 0 0 0 0 0 0 1 0 0 0 0 0 0 0])
  ("element" .
   [3 0 0 0 1 0 1])
  ("range" .
   [1 0 0 0 0])
  ("nth" .
   [1 0 0])
  ("elements" .
   [1 0 0 0 0 0 0 0])
  ("form/index" .
   [1 0 0 0 0 0 0 0 0 0])
  ("html5" .
   [1 0 0 0 0])
  ("hiccup.page" .
   [1 0 0 0 0 0 0 0 1 0 0])
  ("form_name" .
   [3 0 0 0 0 0 0 0 0])
  ("value" .
   [2 0 0 0 0])
  (":form_content" .
   [0 0 0 0 0 0 0 0 1 1 0 0 0])
  ("global-auto-revert-mode" .
   [0 0 0 0 0 0 0 0 0 0 0 0 0 0 1 0 0 0 0 0 0 0 0])
  ("defmethod" .
   [2 0 0 0 0 1 0 1 0])
  ("defmulti" .
   [0 0 0 0 0 1 0 0])
  (":shape" .
   [1 0 0 0 0 0])
  ("area" .
   [3 0 0 0])
  (":rect" .
   [1 0 0 0 0])
  ("rect" .
   [1 0 0 1])
  (":circle" .
   [0 0 0 1 0 0 0])
  (":radius" .
   [0 0 0 0 1 0 0])
  ("circle" .
   [0 0 0 1 0 0])
  (":div.mainnav" .
   [1 0 0 0 0 0 1 0 0 0 0 0])
  ("form_published" .
   [0 0 0 0 0 0 0 1 0 0 0 0 0 0])
  (":form_published" .
   [0 0 0 0 0 0 0 0 1 0 0 0 0 0 0])
  ("form_content" .
   [0 0 0 0 0 0 0 0 1 0 0 0])
  ("form-design" .
   [0 0 0 0 0 1 0 0 0 0 0])
  ("form-design-pages" .
   [1 0 0 0 0 1 0 0 0 0 0 0 0 0 0 0 0])
  ("Updated" .
   [0 0 1 0 0 0 0])
  ("j/insert!" .
   [0 0 0 0 1 0 0 0 0])
  ("redirect" .
   [0 0 0 0 1 0 0 0])
  ("js-files" .
   [1 0 0 0 0 0 0 0])
  (":dynamic" .
   [1 0 0 2 0 0 0 0])
  ("css-files" .
   [1 0 0 0 0 0 0 0 0])
  ("*js-files*" .
   [0 0 0 3 0 0 0 0 0 0])
  ("include-css" .
   [1 0 0 0 0 0 0 0 0 0 0])
  ("*css-files*" .
   [0 0 0 2 0 0 0 0 0 0 0])
  ("slurp" .
   [1 0 0 1 0])
  ("*main-nav*" .
   [0 0 0 0 0 1 0 0 0 0])
  (":div.main" .
   [0 0 0 0 0 0 1 0 0])
  ("*sub-nav*" .
   [0 0 0 1 0 0 0 0 0])
  (":script" .
   [1 0 0 0 0 0 0])
  ("doc" .
   [2 0 0])
  (".getElementsByName" .
   [0 0 0 0 0 3 0 0 0 0 0 0 0 0 0 0 0 0])
  ("document" .
   [0 0 0 0 1 0 0 0])
  ("checkbox" .
   [1 0 0 0 0 0 0 1])
  ("aget" .
   [1 0 0 0])
  ("checked" .
   [0 0 0 1 0 0 0])
  (".split" .
   [0 0 0 1 0 0])))
